PS D:\DAA_CIA2_teju> python -u "d:\DAA_CIA2_teju\1_Genetic_Algo_TSP.py"

Initial population: 
GNOME     FITNESS VALUE

043120 2147483647
043120 2147483647
043120 2147483647
043120 2147483647
043120 2147483647
043120 2147483647
043120 2147483647
043120 2147483647
043120 2147483647
043120 2147483647


Current temp:  10000
Generation 1
GNOME     FITNESS VALUE
034120 2147483647
034120 2147483647
042130 32
034120 2147483647
042130 32
023140 2147483647
013420 2147483647
034120 2147483647
042130 32
023140 2147483647

Current temp:  9000.0
Generation 2
GNOME     FITNESS VALUE
012430 31
042310 21
042310 21
032140 2147483647
024130 2147483647
014320 2147483647
043120 2147483647
013240 21
034210 31
043120 2147483647

Current temp:  8100.0
Generation 3
GNOME     FITNESS VALUE
042130 32
042130 32
012340 24
012340 24
043210 24
012340 24
034120 2147483647
034120 2147483647
023140 2147483647
041320 2147483647

Current temp:  7290.0
Generation 4
GNOME     FITNESS VALUE
013240 21
012430 31
034210 31
012430 31
042310 21
012430 31
024130 2147483647
032140 2147483647
043120 2147483647
021340 2147483647

Current temp:  6561.0
Generation 5
GNOME     FITNESS VALUE
031240 32
043210 24
012340 24
043210 24
042130 32
042130 32
034120 2147483647
023140 2147483647
013420 2147483647
012340 24
PS D:\DAA_CIA2_teju>